54	
10	45	57	
48	5	
5	79	3	
79	5	3	21	
5	79	3	21	
54	19	12	
5	79	3	21	
63	58	7	1	
9	7	
64	77	
48	5	
63	58	7	1	
7	1	26	35	
47	16	5	79	
48	
57	
48	
48	
44	55	88	58	
48	5	79	
48	5	
99	
52	36	9	7	
34	62	16	5	
54	
48	
64	77	
62	34	16	
48	
5	
98	97	7	1	
14	4	31	
32	40	14	
54	19	12	5	
24	
68	

84	5	79	
33	7	1	

54	19	
81	
58	63	7	
44	55	
16	
33	7	1	
5	79	3	21	
63	58	
87	5	
53	59	
34	62	
5	79	3	21	
5	79	
58	63	7	
54	19	12	
53	59	7	
19	54	
5	
71	5	79	
37	2	14	4	
32	40	14	
54	19	
61	24	17	
23	99	12	54	
99	
74	
2	
70	43	15	5	
76	65	
48	5	79	3	
70	43	15	
2	14	
95	81	
29	17	
16	5	79	
98	
25	
39	
48	5	79	3	
7	
48	
48	5	79	3	
5	79	3	
48	
6	50	
71	5	79	
58	63	7	1	
53	59	7	
79	5	3	21	
14	4	
5	79	3	
57	89	7	1	
75	63	58	
68	
48	
5	79	3	21	
9	7	
32	40	14	4	
12	54	19	
