84	72	53	10	
10	72	84	
39	94	7	22	
15	81	5	
81	5	
75	21	
12	84	72	53	
84	72	
81	5	23	
59	21	5	
54	56	65	
81	5	23	31	
84	72	53	10	
94	
38	
43	5	23	
68	85	22	
96	59	
51	24	
35	81	5	
81	
65	69	51	24	
81	5	23	
65	69	
15	
22	
74	21	
17	14	
26	24	22	
94	7	22	
81	
28	60	26	
88	
69	65	
81	5	23	31	
19	86	36	
77	81	5	23	
69	65	51	24	
55	47	26	
35	
27	26	
81	5	23	
56	
6	
27	26	24	22	
47	
6	47	26	24	
95	49	77	81	
70	85	
64	
84	72	
14	84	
78	98	5	23	
57	21	5	
14	84	
60	28	
78	98	5	
81	5	23	31	
84	72	53	
59	
47	26	
28	
81	5	
28	
84	72	53	
81	
37	
44	26	
8	19	
26	
15	81	5	23	
9	42	5	
81	5	23	31	
81	5	23	
56	65	69	
94	7	22	
45	
81	5	
18	90	64	
81	5	23	
5	23	31	
84	72	53	
25	35	
53	72	
65	69	51	
19	86	36	

85	22	7	
81	5	
64	
92	35	81	
18	90	64	
83	35	
77	81	5	23	
6	47	26	24	
10	72	84	53	
48	
81	
26	24	22	
84	
