94	72	
95	2	85	90	
21	95	2	
95	2	85	90	
39	35	29	
95	2	85	
58	9	21	95	
36	1	68	37	
95	2	85	
49	52	68	
74	73	28	
95	2	85	
86	29	
95	2	
53	19	32	
5	95	2	85	
6	4	95	
29	
30	19	
68	37	
58	9	21	95	
28	
61	29	35	93	
43	93	29	35	
24	91	43	93	
2	
78	35	29	
64	50	68	37	
6	
29	35	
52	
30	19	32	
19	
50	68	37	1	
6	
1	68	37	
53	19	32	
78	35	
75	87	35	29	
29	
58	9	21	
95	2	85	90	
2	
75	
75	87	
6	4	95	
65	36	1	
36	1	68	37	
78	
53	19	32	
78	35	
68	
30	
33	
36	1	
21	95	
95	2	85	90	
39	35	29	93	
52	68	
95	
44	43	
30	
31	17	35	29	
31	17	35	
68	37	1	20	
16	23	
36	1	68	37	
19	32	30	
16	23	
95	2	85	
65	
50	68	37	1	
64	50	68	
81	97	
6	
28	
84	14	
87	75	35	
36	
50	68	37	
94	72	

13	26	43	93	
64	50	
95	2	85	90	
95	
95	
95	2	
6	4	95	
95	2	85	90	
43	
50	68	
2	
27	29	
2	95	
75	
31	
95	
100	15	36	
15	36	1	68	
