83	65	3	14	
8	64	25	79	
14	
29	50	65	3	
50	29	65	3	
82	65	3	
50	
33	
29	50	
64	

82	65	3	
78	89	76	57	
3	65	14	
38	35	
64	8	25	79	
5	31	29	50	
93	
33	46	84	1	
71	65	3	14	
31	29	50	65	
26	35	
64	
3	65	
33	46	84	
73	
50	
3	65	14	24	
50	29	
82	
50	
50	
83	65	3	14	
3	65	14	24	
81	45	26	
27	1	46	
57	50	29	65	
10	
20	30	
57	50	29	65	
53	
10	92	63	90	
74	
98	44	65	
93	43	
83	
89	78	76	57	
12	52	21	8	
90	63	
65	
44	65	3	14	
31	29	50	
3	65	14	24	
50	29	65	3	
61	82	65	
48	98	44	65	
73	71	65	3	
3	65	
35	26	45	81	
98	
92	
88	27	1	
93	43	15	
31	29	50	65	
3	65	14	
37	27	1	46	
94	16	
89	78	76	
4	9	
50	29	
65	3	14	24	
3	
27	
54	29	
16	93	
43	15	69	
71	65	3	14	
73	
21	8	
76	
37	27	
65	
65	3	14	24	
83	65	
79	64	8	
57	
100	64	8	25	
53	
5	
66	
63	90	92	
91	88	27	
8	64	25	
66	
29	50	
3	65	14	
44	
65	
92	10	63	90	
27	
