48	22	52	51	
27	79	25	
23	71	29	
77	4	13	46	
3	
90	
91	71	29	23	
23	
84	14	
13	46	
27	79	25	2	
23	71	29	
14	
13	46	
42	58	
13	46	
42	58	10	
84	14	13	41	
13	


58	10	28	13	
52	
23	71	
79	25	
89	
87	
13	
47	52	22	48	
71	29	23	73	
75	
45	16	
25	
66	
40	
79	25	27	2	
84	14	13	41	
66	59	89	68	
40	42	58	
34	93	3	
13	46	
50	16	22	52	
13	46	60	
25	79	27	
75	
13	46	60	64	
52	22	48	51	
51	56	57	
10	58	28	13	
58	10	28	
13	46	60	
58	
58	
4	13	
45	16	50	22	
13	46	
13	
13	46	60	
4	13	46	60	
13	
30	87	3	23	
16	50	
22	52	48	
13	46	60	
23	71	29	
89	68	74	69	
30	87	3	
23	71	
1	69	52	
13	46	
47	52	22	48	

23	71	29	
29	71	23	73	
3	
52	22	
89	68	74	
32	38	
94	4	13	46	
52	
13	46	60	
78	14	13	41	
94	4	13	
13	46	60	
34	93	3	
19	
83	63	79	

71	
13	
79	25	27	2	
16	50	
63	83	79	25	
4	13	
4	13	46	
27	79	25	2	
8	23	
58	10	
58	10	
3	23	71	
