99	91	97	20	
94	63	56	
15	47	34	99	
85	59	38	
90	12	
78	94	
4	65	7	21	
88	97	
47	34	99	
43	88	97	
24	27	11	
3	97	20	95	
60	93	95	97	
17	
50	
47	34	99	
3	97	20	
3	97	
67	60	
97	20	95	
91	
60	93	95	97	
72	97	20	
90	12	
93	
85	
62	23	
58	60	
12	75	93	
11	27	24	
12	
64	96	43	
65	
92	60	
2	27	24	11	
94	63	56	
60	93	95	97	
88	97	20	95	
9	70	41	
21	
32	8	
33	2	27	
91	
95	
24	27	11	2	
40	
27	24	11	2	
62	23	61	86	
15	47	
45	
94	63	
93	60	
63	56	55	95	
100	85	59	
73	63	
79	94	
58	60	93	
94	63	56	55	
85	59	38	
80	
71	97	
66	
79	94	
66	
85	59	38	
4	
72	
93	60	
41	70	
10	
97	20	95	88	
61	23	62	
10	85	59	38	
9	70	41	
3	97	20	
63	56	55	
44	
83	62	
13	60	93	
86	62	23	
50	36	60	
36	60	93	
12	75	
21	85	
60	93	95	
36	60	93	
27	24	
97	20	95	
47	34	
63	
97	20	95	
37	17	29	
85	59	
35	87	79	94	
62	23	61	86	
71	97	20	95	
60	
70	
95	97	20	
72	
