39	77	27	41	
98	12	41	
20	92	31	
49	30	77	27	
77	
50	
55	98	12	41	
93	
61	38	
81	78	
36	38	61	57	
41	58	12	
62	
49	30	
53	4	
65	87	
98	12	41	
88	41	58	12	
30	
23	27	77	
100	21	
41	58	12	27	
98	
37	41	
77	27	
81	
77	
64	
23	27	77	41	
62	90	68	30	
41	
55	98	
66	
73	
12	
3	69	27	77	
27	77	41	58	
45	31	41	58	
2	27	77	
19	27	77	
75	41	
60	38	61	57	
41	58	12	
11	50	27	
41	
77	27	41	58	
50	27	77	41	
85	95	12	
11	50	27	77	
30	49	77	
86	78	81	
73	
85	
98	12	
78	81	50	27	
28	24	
68	
59	41	58	
27	77	41	58	
88	
41	58	12	27	
81	78	
25	98	12	
24	66	41	
31	41	58	
59	41	58	12	
39	77	27	
36	38	
81	78	50	
86	78	
15	93	31	41	
6	77	27	41	
28	24	66	
18	80	31	41	
27	
100	21	
50	27	77	
29	23	
61	38	57	60	
88	
17	63	25	

66	41	58	
27	77	41	
95	12	41	
71	
38	61	57	
41	58	12	27	
13	
68	
27	77	41	58	
77	27	
49	30	77	27	
28	24	
53	4	31	
4	31	41	58	
58	41	
85	95	
88	41	
52	30	49	
