56	68	51	12	
26	29	4	73	
10	
72	45	90	43	
67	8	63	11	
40	73	4	
85	
21	
91	44	
67	
21	43	59	80	
44	91	55	
12	39	88	59	
63	11	17	
19	67	
57	11	63	17	
67	8	63	11	
89	
30	22	68	56	
18	23	59	43	
59	43	80	83	
48	97	
41	
46	60	
90	43	59	
29	
2	
95	89	34	45	
35	37	
60	
49	
50	
56	68	51	12	
16	49	10	52	
39	88	59	
97	69	88	
88	39	59	43	
19	
44	91	
73	40	4	29	
85	
60	11	63	17	
59	
100	91	44	
49	10	
98	
68	56	51	12	
37	35	96	88	
8	67	
97	
97	69	88	39	
44	91	55	
32	23	59	43	
37	35	96	88	
77	91	44	
95	89	34	45	
11	63	17	86	
46	60	
69	97	88	39	
46	
56	
22	68	56	
22	68	56	
74	62	72	45	
17	86	63	
90	43	59	80	
23	59	
89	34	95	
39	88	
46	60	
90	43	59	80	
46	
40	
68	56	
59	43	
52	10	49	
81	91	44	55	
29	
37	35	
59	
77	91	
36	
35	37	96	88	
88	39	
51	68	56	
14	
11	63	17	86	
69	
75	
97	
100	91	44	
3	31	93	
80	43	59	
11	
73	40	
39	88	59	
35	
2	
78	15	41	11	
55	
