15	4	
99	88	20	51	
62	80	61	
3	95	51	88	
12	68	30	
65	2	60	
53	27	7	35	
80	62	61	60	
59	68	30	
47	16	45	
69	19	64	
89	43	74	
68	30	
12	68	
53	27	7	
24	22	96	84	
11	7	35	
35	
88	20	
45	60	
74	43	82	49	
2	
96	22	24	84	
28	32	10	96	
32	28	10	96	
68	
87	2	65	
96	22	24	84	
12	
60	65	
25	
78	77	71	
22	
57	25	65	2	
53	
32	28	10	
65	2	60	
86	53	
30	20	88	51	
34	
20	88	51	
7	35	11	42	
49	
91	
68	30	
71	42	35	
50	42	35	
68	30	20	88	
77	
52	7	35	
45	60	
63	
87	
78	
43	74	
32	28	
42	35	7	11	
60	65	2	87	
15	4	
65	
26	60	
85	
25	65	2	60	
20	88	51	
53	27	7	35	
43	74	
53	27	7	35	
2	65	60	
19	69	
82	49	81	
7	
2	65	60	87	
39	78	77	
7	35	
11	
60	
71	42	
75	38	91	
42	
85	30	20	
65	2	
77	78	71	42	
68	30	20	88	
25	65	
40	91	38	71	
69	
41	
45	60	
96	22	24	
2	65	60	87	
86	
56	25	
95	
22	24	
3	95	
61	
20	
69	
60	65	2	
69	19	64	97	
