15	
100	57	6	
21	54	
10	86	26	
73	46	8	95	
94	14	22	39	
20	87	54	
67	32	14	22	
66	95	46	8	
87	20	
21	54	
85	6	
31	6	55	100	
62	14	22	94	
6	55	100	57	
6	
53	
83	
95	
77	42	53	15	
54	21	87	
86	26	
97	
45	47	51	95	
40	78	97	15	
50	
85	
92	39	
15	16	53	
79	
60	
2	75	24	95	
77	42	53	
85	6	55	
91	20	87	54	
100	
92	
72	
14	22	94	
20	87	54	

15	16	
70	
14	22	94	
79	72	
66	
96	97	15	
39	14	22	94	
87	20	
9	46	
26	86	
73	46	
6	55	100	57	
77	42	
6	55	100	
14	22	94	
96	97	15	
31	6	
67	
100	57	6	
6	55	100	57	
67	32	14	
77	42	
20	87	54	
60	36	8	46	
87	
52	
46	
85	6	55	100	
52	39	
90	2	75	24	
35	20	87	
100	57	
31	6	
97	15	
75	24	2	
15	
51	
47	
14	22	94	39	
39	
27	
73	46	8	95	
70	18	94	
45	
62	14	
53	15	16	
96	97	15	16	
8	46	73	
22	14	94	39	
77	42	
94	14	22	
62	14	22	94	
14	22	94	
66	
60	
6	55	100	57	
15	16	
29	63	98	77	
96	97	15	
