23	
21	90	88	
8	3	
81	3	13	
70	5	88	90	
47	55	97	14	
23	3	13	
96	52	8	3	
51	46	23	3	
99	52	
39	38	
89	13	
8	3	13	80	
63	94	5	70	
27	71	18	1	
60	
39	
57	
55	
3	13	8	80	
52	8	3	
74	34	
4	
31	9	52	8	
34	41	98	23	
29	
86	
38	48	
71	18	1	
77	
44	
12	85	49	36	
58	30	1	
41	98	23	
1	78	30	58	
4	
3	
8	
42	20	3	
16	57	45	
62	21	90	88	
39	38	
76	
11	34	41	
39	38	
41	
25	35	8	
56	33	13	3	
3	13	
25	35	
4	68	
95	8	
8	3	13	80	
80	3	
18	1	78	
2	8	3	
55	97	47	
20	3	
82	
32	26	79	
26	32	79	48	
8	3	13	
41	98	
72	19	4	
77	60	2	8	
19	
4	
81	
82	37	81	3	
63	94	
30	58	1	78	
34	41	98	
1	78	
82	37	
11	34	
42	20	3	
11	
56	
83	
95	8	3	13	
8	
3	
4	68	23	3	
24	45	57	
44	
85	49	
3	13	8	
5	70	88	90	
54	80	3	
5	70	88	90	
8	3	
39	38	48	
15	66	83	52	
46	51	23	
88	
52	
18	1	78	30	
51	46	
90	88	5	70	
41	98	23	
