6	7	
51	37	12	3	
7	6	10	
49	73	41	21	
41	21	26	
96	31	83	
21	26	90	29	
3	41	21	26	
39	40	79	
52	79	40	
86	91	32	
32	91	30	
28	75	
66	72	
7	6	10	
37	12	3	41	
30	32	91	
7	
3	41	
71	5	
70	25	47	21	
100	
37	12	3	41	
95	54	77	83	
100	63	46	83	
94	
100	63	46	
96	31	83	46	
94	
82	10	
44	
6	7	10	
2	
6	7	10	52	
21	
34	56	65	
54	95	77	
94	26	
21	26	90	29	
41	
70	25	47	
7	6	10	52	
77	
15	
92	9	
63	100	46	
25	70	47	
36	62	58	47	
37	
75	28	37	
89	44	
38	
87	
19	
97	1	
39	40	
55	69	5	91	
81	98	46	100	
47	21	
39	
1	97	
96	
100	63	46	83	
32	91	30	
95	54	77	83	
9	26	
95	54	77	83	
52	79	40	
42	23	
25	70	47	
76	
9	26	90	29	
60	9	26	
39	40	
95	
50	
82	10	
30	32	91	
70	
52	79	40	
91	32	
73	41	21	26	
25	70	47	21	
9	26	
47	21	26	90	
17	
86	
38	26	
15	1	97	
26	90	29	21	
17	
37	12	
39	
70	25	
8	2	
83	
7	
41	
20	69	55	
63	100	46	83	
