23	98	52	35	
58	27	52	35	
52	
82	12	35	52	
36	52	35	10	
45	24	65	
81	
64	
10	52	
52	
52	35	10	34	
76	73	33	
69	39	99	35	
87	76	73	
60	52	
23	98	52	35	
39	69	99	35	
47	
9	57	52	35	
75	74	50	11	
60	52	35	10	
76	73	
27	
60	52	
48	80	17	
50	
76	

97	61	
50	
8	
19	
50	11	79	83	
63	46	52	35	
52	35	10	
73	76	33	
64	96	84	9	
84	
52	35	
10	52	35	34	
93	
70	97	61	52	
83	
19	16	76	
88	74	
63	
75	74	50	11	
64	96	84	9	
37	19	
13	
35	52	10	34	
35	52	10	
17	26	81	52	
59	73	76	33	
22	30	76	
33	73	76	52	
10	52	35	34	
52	35	
57	9	52	35	
35	
33	
68	47	9	
58	27	52	
79	50	11	83	
52	35	10	
64	96	84	9	
60	52	
31	33	73	
98	23	
32	52	
23	98	52	35	
88	
2	
17	26	
47	68	
52	35	10	
16	76	73	33	
19	
83	79	
66	
74	50	
58	
44	74	50	11	
91	80	
83	79	50	
72	
76	73	33	52	
27	
45	
9	
66	77	16	
13	65	24	
61	97	70	
84	
90	13	
9	57	52	
18	
58	
52	35	10	34	
52	
