24	64	48	58	
54	12	19	
11	35	39	67	
1	62	67	
41	52	
89	94	
85	70	14	44	
2	90	
5	25	79	
98	68	59	
81	85	70	
6	96	89	94	
74	87	29	41	
70	
8	
37	14	44	
96	6	89	
27	28	
66	47	
25	79	18	
84	

82	61	12	
43	53	
79	
4	
86	94	
68	98	
43	53	89	
43	53	89	
1	
34	18	25	
30	
6	96	
17	19	12	54	
76	94	89	
70	14	44	49	
2	90	79	25	
63	6	96	
19	
38	41	
59	98	68	
55	
70	
56	18	25	79	
11	
77	31	47	20	
39	67	96	6	
70	14	
70	
96	6	
2	90	
28	42	23	37	
47	31	77	
26	64	
62	1	
50	14	44	
83	4	33	37	
54	12	19	
14	
12	19	
43	
2	90	
93	
78	90	2	
37	
34	
29	87	
90	2	
58	
12	19	54	40	
95	5	25	
84	34	18	25	
71	12	19	
84	34	18	
14	44	49	
73	
1	62	
2	90	79	
11	35	39	
75	15	12	
43	53	89	
4	33	
64	48	
70	14	44	
84	34	18	
68	98	
89	94	44	
94	89	
84	
5	25	79	
46	12	19	
91	94	
14	44	49	94	
5	25	79	18	
89	94	44	14	
34	
2	
53	43	89	
94	
