49	59	24	44	
56	5	84	
24	59	44	
23	13	26	44	
88	
78	
32	56	5	84	
27	
34	58	
56	5	
91	44	26	23	
99	44	26	
44	
100	14	
17	100	
40	16	
57	49	59	
63	61	100	14	
90	
48	4	57	
30	90	
20	82	2	96	
44	
44	26	
56	5	
44	
70	
63	
26	44	23	13	
29	13	23	26	
23	
6	38	
87	
59	
5	
53	84	56	5	
30	90	52	70	
53	84	56	5	
82	2	96	
53	84	56	
85	76	
100	14	25	97	
60	19	100	
70	12	26	
78	
58	78	24	59	
10	59	24	44	
20	82	2	
15	92	62	1	
62	92	1	
44	26	23	
99	
45	
15	92	
46	3	44	26	
87	33	
15	
26	44	23	
44	26	23	13	
57	
53	84	56	5	
49	59	
68	33	87	
34	58	78	
57	49	59	
22	57	49	59	
88	66	53	
16	40	
34	58	78	
99	44	
22	57	49	59	
44	26	23	13	
56	5	84	
22	57	49	59	
3	
62	92	
49	59	24	
23	13	
77	28	58	78	
54	
44	26	23	
56	5	84	59	
44	26	23	
14	100	25	
33	87	14	
48	
33	87	14	
32	56	5	84	
52	
57	
70	12	26	44	
82	2	
44	26	23	13	
15	92	
56	5	84	
56	5	84	59	
100	14	
99	44	
24	59	
56	5	84	
