936	426	
141	201	
516	
736	823	614	
736	823	614	
424	
736	823	614	648	
51	264	278	905	
736	823	
141	201	231	252	
27	769	381	139	
487	326	728	281	
487	326	728	
426	
426	936	148	203	
100	104	174	
12	
736	823	614	
736	823	614	
25	4	850	
424	417	162	12	
806	541	665	
426	936	148	
736	823	614	
20	4	850	
426	936	148	203	
45	
440	
426	936	
424	417	162	12	
424	417	162	
20	4	850	516	
51	264	278	905	
736	823	614	
736	823	614	648	
12	13	53	
20	4	850	516	
28	613	
12	
424	
806	541	665	542	
12	13	53	
20	
327	328	335	626	
139	575	
257	
36	119	
736	823	614	
20	4	850	
51	264	
265	313	440	
326	728	
487	326	728	
394	755	
20	4	850	516	
20	
27	
20	4	850	516	
27	769	381	
487	326	728	281	
20	4	850	
20	4	850	516	
487	
20	
51	264	
424	417	162	
736	823	
424	
20	
20	4	850	
20	4	850	
970	
20	4	
20	
20	4	850	516	
12	13	53	60	
424	417	162	
424	417	162	
27	769	381	139	
424	
27	
20	4	
20	
20	4	
141	
27	769	381	
28	613	642	
424	417	
20	4	
265	
12	
27	
36	119	163	
100	104	174	
51	264	
51	
20	4	850	516	
424	
340	805	144	
12	13	53	
265	
487	326	
27	
12	13	53	
424	417	
27	769	
424	417	162	12	
20	4	850	516	
36	119	163	
381	27	769	139	
240	570	970	
424	417	
436	461	
138	193	255	800	
27	769	
12	13	53	60	
424	417	162	
265	313	440	
12	13	53	
803	970	
374	403	
685	459	401	
27	769	381	139	
424	417	
24	14	15	23	
487	326	728	
417	162	
424	417	162	
36	119	
12	13	53	60	
150	
12	13	
265	313	
340	805	144	
885	799	
424	417	162	
141	201	231	
738	647	765	513	
631	623	
424	
36	119	163	
12	13	53	60	
424	417	162	
500	551	
685	
141	201	231	
736	823	614	
642	28	613	
150	177	
224	229	150	177	
304	38	591	
417	162	
100	104	174	540	
265	313	440	
631	623	
36	119	163	
36	119	163	183	
586	486	536	14	
424	417	162	
141	201	
51	264	278	
424	417	
12	13	53	
36	119	
631	
51	264	278	905	
12	13	53	60	
265	313	440	603	
36	
12	13	53	
424	417	
100	104	174	540	
36	119	163	183	
12	13	
196	213	
426	936	
150	177	
12	
138	193	255	
36	119	163	
736	
487	326	
12	13	53	60	
27	769	381	139	
806	541	
936	426	148	203	
424	
12	13	53	
177	
424	417	
12	13	53	60	
36	119	163	
521	
12	
148	203	591	594	
799	240	570	
220	377	774	
424	417	
806	541	
141	
36	119	
141	201	
642	28	
426	936	
36	119	163	183	
487	326	728	281	
20	4	
736	823	
228	290	
27	769	381	
555	358	
36	119	163	
799	240	570	970	
20	4	850	516	
27	769	
424	
265	313	440	603	
36	119	
424	417	162	12	
459	401	
36	119	
424	417	
36	119	163	183	
774	
424	
424	
27	769	
386	150	177	189	
774	224	229	150	
100	104	
36	119	163	183	
51	264	278	
265	313	440	
487	
36	
12	13	53	60	
36	
36	119	
424	417	162	12	
803	970	240	570	
424	
28	613	642	264	
12	13	53	
46	
265	313	440	603	
806	541	
20	4	850	516	
424	417	162	
100	
424	417	162	12	
500	551	
36	
806	541	665	
51	264	278	905	
521	638	647	
304	
728	281	
265	313	
265	
12	13	53	
477	
424	
265	313	
440	603	
487	
141	201	231	252	
138	193	255	
555	
424	417	
27	769	
736	823	614	
27	769	
12	13	
265	313	440	
27	769	381	
806	541	665	
327	328	335	
440	603	12	
12	
487	326	
631	623	
12	13	53	
36	119	163	183	
36	
685	459	401	765	
426	936	148	
36	119	163	
487	
27	
386	150	
27	769	381	
424	417	162	
806	541	665	
12	13	53	60	
196	
36	119	
424	417	162	
265	313	440	603	
265	313	440	603	
736	
424	
27	769	381	
36	119	
51	264	278	905	
424	417	162	12	
424	417	162	
331	850	
27	
424	417	
12	13	53	
736	
487	326	728	281	
487	326	
148	
12	13	
424	417	162	12	
603	440	12	
36	
36	119	
27	769	381	139	
150	177	189	
736	823	
265	313	440	
736	823	614	
424	
424	417	162	12	
153	
153	358	408	317	
477	
265	313	
500	551	
516	
487	
12	13	53	
153	
27	769	
12	13	
12	13	
285	647	738	
139	
36	
51	264	278	
257	45	281	623	
424	417	
27	769	381	139	
138	193	255	
331	850	516	418	
487	326	728	281	
27	769	381	139	
487	
593	953	591	594	
27	769	381	139	
424	417	162	12	
12	13	
100	
424	417	
265	313	440	
100	
477	386	150	
516	850	331	418	
12	13	
424	417	
20	
12	13	53	
27	
27	
426	936	
424	
386	150	177	189	
642	28	613	264	
424	417	162	
424	417	
304	
351	14	15	
100	
265	
459	
424	
487	326	
631	623	281	45	
45	
936	426	
51	
424	417	
806	541	665	542	
536	14	
12	13	53	60	
20	4	850	516	
355	821	
736	823	614	648	
27	769	381	139	
139	575	679	
736	
381	27	769	139	
150	177	189	386	
424	417	162	12	
424	417	
224	229	150	
12	
27	769	
655	799	
736	
351	
394	755	
394	
424	417	162	
148	203	591	
623	281	45	
424	417	162	
12	13	
51	264	
100	104	
141	
304	
51	264	278	
426	936	148	
189	177	150	
805	144	340	351	
27	
24	14	
326	728	
141	201	
12	13	
651	
51	264	278	905	
953	
424	417	162	
177	
265	
51	264	
51	
12	13	53	
806	541	
27	769	381	139	
28	613	642	
381	27	769	139	
424	417	162	12	
424	417	162	
417	162	
487	326	
27	769	381	
424	417	162	12	
229	150	177	189	
487	
936	426	148	
285	
141	
424	417	
27	
304	38	591	
141	201	231	252	
424	417	162	12	
516	
12	13	53	60	
424	417	
141	201	
265	313	
36	119	163	183	
655	799	240	
685	459	
381	27	769	139	
426	936	148	203	
487	326	728	
111	763	
148	203	
424	417	162	
736	823	614	
685	459	
806	541	665	542	
424	417	
51	
424	417	162	
12	13	
12	13	
424	417	162	
27	769	381	139	
224	229	150	177	
51	
27	
111	763	
424	417	162	12	
424	417	162	12	
28	
736	823	614	
736	823	
536	
424	417	162	
424	417	162	12	
265	313	440	603	
487	326	728	281	
304	38	
351	14	15	
424	417	
340	805	144	
141	
27	
500	
27	769	
100	
541	665	
12	13	53	
36	
51	
27	769	
36	119	163	183	
936	426	
12	13	
36	119	163	
477	
424	417	162	12	
736	823	614	648	
424	417	162	
175	135	111	
138	
36	119	163	
936	426	148	203	
285	647	738	
36	119	163	
806	541	665	542	
685	459	401	765	
685	459	401	765	
27	769	381	139	
36	
51	
27	769	
12	13	53	
12	13	53	
424	417	
487	326	728	
20	4	850	
12	13	53	60	
424	417	
265	313	440	603	
424	417	
265	313	440	603	
850	516	
326	
265	313	440	603	
487	326	728	
12	13	
642	28	
565	
487	
426	
424	417	162	
331	850	
806	541	665	542	
736	
487	326	728	281	
424	
541	
424	417	162	12	
736	823	614	
12	13	53	60	
100	104	
555	
936	426	148	
487	326	728	
736	823	
424	417	162	
27	769	381	
736	823	
265	313	440	603	
424	417	162	12	
440	603	12	13	
736	
111	763	
424	417	
141	
803	
736	823	614	648	
806	541	665	542	
27	769	
326	728	
631	
12	13	53	60	
27	769	
36	119	
281	45	623	139	
487	326	728	281	
736	
51	264	278	
111	763	135	175	
487	
401	
850	516	331	
736	823	614	648	
28	613	642	264	
736	823	614	
424	417	
264	
20	4	850	516	
711	317	408	
264	278	
806	541	665	
36	119	
978	44	426	
736	823	614	
27	769	381	
27	769	
516	850	
51	264	278	905	
487	326	728	
970	803	240	570	
424	417	
27	769	
424	
12	
736	823	614	
424	417	
424	
36	119	163	
440	
111	763	135	
111	763	
424	417	162	
424	417	162	12	
736	
285	647	738	765	
424	417	162	
736	823	
265	313	440	
13	12	
20	4	
265	313	
153	358	
424	417	162	
100	
153	358	408	
736	823	614	
12	13	
426	936	
806	541	
736	823	
736	
426	936	
265	
685	459	401	765	
27	769	381	
424	
27	769	
440	603	
736	823	614	
736	
20	4	850	516	
424	417	162	12	
459	401	685	765	
111	763	135	
111	763	135	
424	
669	898	
424	
12	13	
304	38	591	594	
970	803	
20	4	850	
12	13	53	60	
12	13	
36	119	163	183	
736	823	
36	119	
27	
141	201	231	252	
736	823	614	648	
642	
36	119	163	
424	417	162	
265	313	440	603	
332	360	453	
487	326	728	281	
736	823	614	648	
424	
12	13	53	60	
806	541	665	542	
736	823	614	
736	823	
424	417	162	
685	
631	623	281	45	
806	541	665	542	
28	
424	417	162	12	
424	417	
806	541	665	
655	799	
736	823	
500	551	902	
290	228	369	394	
51	
27	
424	417	162	12	
285	647	738	765	
401	
27	769	381	
736	
424	
736	823	
487	326	728	281	
424	417	162	
28	613	642	264	
12	
351	14	15	
12	13	
736	823	614	
487	326	728	
27	769	381	139	
424	417	
401	459	685	765	
516	850	331	
304	
603	440	
401	459	685	765	
575	679	139	
424	417	162	12	
487	
685	
36	
736	823	
285	647	738	
51	264	
803	970	
426	936	148	203	
936	426	148	
685	
736	823	614	648	
51	264	278	905	
487	326	728	
623	281	45	139	
516	
806	541	665	
36	119	
36	119	163	
138	193	255	800	
141	
27	
591	594	
487	
459	
12	13	53	60	
424	
424	417	162	12	
265	313	
736	
424	417	
153	358	408	317	
424	417	162	
20	4	
806	
487	326	728	
424	417	162	
12	13	53	
27	769	381	139	
27	769	381	139	
351	14	
381	27	
27	769	381	139	
264	278	
144	805	
401	
424	417	
100	104	
685	459	401	765	
240	
487	326	
111	763	135	
936	
401	459	685	
20	4	850	
45	
27	769	381	
424	417	162	12	
12	13	53	60	
111	763	
440	603	12	13	
20	4	850	
12	
565	642	28	
12	13	53	60	
424	
36	119	
487	326	728	
20	
736	
20	4	
401	459	685	765	
424	417	162	
806	
736	823	614	648	
424	417	162	12	
12	13	53	
487	
487	
148	
20	4	850	516	
736	823	
424	
304	
936	
970	
521	638	
51	
265	313	440	
728	281	
424	417	162	12	
500	551	902	
51	264	
12	13	53	60	
424	417	
138	193	255	
736	823	614	648	
487	326	728	281	
401	459	685	
27	769	
111	
141	201	231	
424	417	162	
304	38	
20	4	
736	
27	
100	
27	
148	203	
12	13	53	
36	119	163	
685	459	401	
424	
14	
304	38	591	
424	417	162	
12	13	53	60	
51	264	278	
51	264	
459	401	
487	326	728	
27	
424	417	162	12	
424	
487	326	
265	313	440	
20	4	850	516	
521	638	647	738	
27	769	381	139	
424	417	162	
487	326	728	281	
736	823	
27	
111	763	
51	264	278	905	
736	823	
20	4	850	
736	
141	201	231	
424	417	
100	104	174	
51	264	278	905	
265	313	440	603	
51	264	278	
36	119	163	183	
20	4	
487	326	728	
424	417	162	12	
27	769	
424	
20	
20	
424	417	162	12	
597	978	44	426	
27	769	381	
36	119	163	183	
424	417	162	
424	417	
36	
424	417	162	
12	13	
424	417	162	12	
12	13	53	
51	264	278	
141	201	
424	417	162	
20	
736	823	614	
20	4	850	
426	936	148	203	
51	264	
100	
12	13	53	
936	426	148	
424	417	162	12	
424	417	162	
20	4	
424	
20	4	
424	417	162	
20	
100	
36	119	163	
332	360	453	601	
51	264	278	
12	
20	4	850	
806	541	
20	4	850	516	
424	417	
440	603	
51	264	
36	119	163	183	
27	769	381	
736	823	614	
424	417	162	12	
424	
264	278	905	
424	417	162	12	
736	823	614	648	
806	541	665	542	
285	647	738	
20	4	
285	647	738	765	
20	4	
27	
20	4	850	516	
20	
20	4	850	
20	
459	401	685	765	
426	936	
424	417	162	12	
20	4	850	516	
736	
487	326	728	
736	823	
424	417	162	12	
36	119	163	
424	417	
424	
953	591	
736	
141	201	
20	4	850	516	
20	4	
803	
20	4	
20	
141	
51	264	278	905	
424	417	162	
426	
374	403	
20	
487	326	728	281	
424	417	162	12	
424	417	162	
317	711	
424	
487	
20	4	
20	
424	417	162	
424	417	162	
736	823	614	648	
424	417	
20	4	
426	
487	326	728	
51	264	278	
487	326	728	281	
20	
20	4	850	
12	13	53	60	
642	
487	
12	13	53	
20	4	850	516	
141	201	231	
426	936	
20	4	850	516	
424	417	162	
327	
51	264	278	
141	
51	
20	4	850	
27	769	381	
487	326	728	
20	4	
51	264	278	
736	823	
424	
424	417	162	12	
51	264	278	
51	264	278	
424	417	162	12	
424	417	162	12	
424	417	162	12	
27	
424	417	162	
20	4	850	516	
51	264	278	905	
424	417	162	
51	264	278	905	