42	
34	490	461	
23	
185	235	133	
440	478	
315	486	276	224	
225	463	128	336	
189	380	468	253	
279	
131	469	103	32	
125	99	
370	
330	249	
496	26	58	327	
456	
97	
61	463	225	128	
238	320	
72	322	116	
406	249	319	
482	
486	
249	406	319	

416	179	
140	5	
410	
401	456	
40	169	
401	
92	330	249	
456	
351	33	
363	56	
480	239	91	215	
240	
402	
248	12	450	16	
148	40	169	319	
399	456	
17	14	9	
188	297	249	
493	100	132	
22	
158	221	123	399	
14	9	17	
365	285	335	148	
319	
344	128	463	
91	215	43	331	
174	122	
7	
110	478	66	
34	490	
7	117	145	474	
88	272	
90	188	297	
497	228	270	146	
414	
12	248	450	16	
254	
110	478	
458	349	363	56	
142	91	
99	125	292	
127	419	
234	271	223	
296	146	497	
359	219	485	
274	97	
144	
283	
244	327	58	26	
110	478	66	68	
133	367	23	
449	245	52	149	
223	
210	213	121	14	
377	16	250	
92	330	
144	476	
457	125	99	292	
316	23	246	20	
64	336	238	320	
187	38	330	249	
301	32	325	
177	26	
118	
381	424	62	
399	456	123	249	
363	56	349	
195	351	33	430	
184	164	110	478	
229	
61	463	
388	
18	445	
87	320	
142	
117	
185	235	133	367	
456	399	
77	491	18	
18	445	77	491	
309	213	121	14	
218	40	169	
61	463	225	128	
137	456	
240	451	314	
458	
444	456	399	123	
49	421	323	257	
218	40	
284	203	319	406	
316	
95	30	4	
229	438	186	
206	453	
228	270	497	
317	53	
161	
197	304	399	456	
456	399	123	249	
59	334	481	
486	276	224	
99	125	292	
189	380	468	253	
221	158	123	
394	483	75	
382	
403	103	32	325	
446	
211	334	
20	
261	385	119	
324	318	1	
367	23	246	
208	284	
238	320	366	
199	153	
32	325	301	
478	110	
139	326	143	152	
382	406	
318	324	1	163	
183	
455	
123	399	
39	20	246	
282	429	
482	
222	173	
248	12	450	
181	213	
77	491	18	
277	137	456	
129	
243	414	399	
38	330	
63	
499	2	211	334	
211	
462	47	141	
110	478	66	68	
243	
60	153	249	406	
484	319	
91	215	43	331	
399	456	
129	77	
159	348	
308	97	145	117	
332	
232	233	256	
299	384	339	16	
439	215	91	
110	478	66	68	
121	14	9	17	
272	88	186	407	
361	
356	273	5	57	
97	308	
490	34	461	43	
110	
328	157	105	188	
392	370	238	
39	
456	399	123	249	
203	319	
260	23	246	20	
123	
283	306	402	
100	
262	435	23	
387	233	232	
408	
399	
179	
49	421	
62	
67	262	
160	227	257	137	
353	13	
294	426	360	
469	
366	320	
61	463	225	128	
261	385	
215	
355	
373	
22	129	77	
284	203	319	
200	
338	101	104	
4	95	30	225	
334	481	406	249	
26	58	327	
112	
186	407	88	
272	88	186	407	
410	461	43	
351	33	
463	
302	42	436	
12	248	450	16	
88	272	186	407	
83	103	
88	
392	
328	157	105	
249	406	319	
364	134	
463	
448	
186	
432	
206	453	
128	
198	402	399	
406	249	
137	456	
47	462	
137	456	399	
110	
406	249	319	382	
413	284	203	
370	
456	399	123	
60	153	
341	314	331	

10	119	385	
221	158	123	399	
261	
387	
38	330	249	
349	458	363	56	

456	
428	
113	233	
121	14	9	
305	366	320	
150	257	137	
192	
128	463	
323	49	421	257	
200	456	
315	486	276	224	
455	58	
361	15	320	366	
88	272	186	
238	320	366	224	
256	223	234	
64	336	238	
189	
8	
23	246	20	
94	117	
314	331	
10	
406	
244	327	58	26	
228	270	
60	
285	335	148	40	
323	49	421	
334	481	406	249	
481	
130	283	306	402	
219	359	485	460	
444	456	
67	262	435	
365	285	335	148	
449	
322	72	116	
12	248	450	
47	
277	
308	97	
249	406	
380	189	
399	456	123	
323	49	421	257	
440	478	110	66	
284	203	319	
117	
341	314	331	
456	
171	
436	42	302	319	
497	228	
26	58	327	244	
9	14	17	449	
139	326	143	152	
434	189	380	468	
324	318	
249	
358	53	420	41	
261	385	119	10	
14	9	17	449	
482	373	145	
448	40	169	
456	399	123	249	
320	366	
97	308	
456	399	123	249	
26	58	327	244	
103	32	325	
478	110	66	
350	448	
435	23	
415	157	328	105	
481	334	406	
316	23	
203	
370	238	320	366	
484	319	406	
248	
392	
264	284	203	
210	213	121	
277	
364	134	484	
255	302	
50	45	138	321	
483	394	75	
192	462	47	
284	203	319	
378	
331	43	63	346	
330	249	406	319	
356	273	5	
130	283	
207	168	202	
223	256	
57	5	
130	283	
67	262	
153	249	406	
301	32	325	103	
15	361	320	366	
16	
139	326	143	152	
465	205	249	
319	406	249	382	
304	399	456	123	
316	
455	58	327	244	
472	485	
105	328	157	188	
23	246	20	
223	
14	9	17	
11	166	119	10	
158	221	
50	45	
173	
15	361	320	366	
103	32	325	
40	
485	219	359	460	
144	476	344	128	
119	10	385	23	
258	
234	271	
484	319	
321	45	50	138	
449	245	52	
354	336	238	
223	
319	406	249	
72	322	
40	169	148	319	
456	399	123	249	
323	
86	
456	399	
258	67	
103	
177	
18	445	77	491	
348	159	371	490	
279	341	314	331	
456	399	123	
329	183	
406	249	319	
435	
44	464	240	451	
133	
318	324	1	163	
169	40	
143	152	145	117	
97	308	145	117	
26	
26	58	327	244	
329	183	166	119	
380	
110	478	66	68	
289	448	
25	231	
267	474	117	145	
67	262	435	23	
175	261	
67	
236	
234	271	223	
320	366	
269	419	127	
25	231	
125	99	
18	
279	341	314	331	
373	482	
328	157	105	188	
221	158	
485	
42	
22	129	77	
95	
39	20	246	23	
200	456	
284	203	319	
465	
319	
345	68	
399	456	
219	359	485	460	
382	406	249	319	
10	
174	122	368	
64	336	238	320	
261	
365	285	335	
170	145	
253	468	
172	43	
158	221	123	
319	406	
408	250	
288	103	32	325	
290	498	450	16	
145	117	
474	117	145	
66	
81	399	456	123	
10	119	
103	32	325	301	
318	
141	32	325	301	
241	148	40	169	
117	145	474	16	
148	40	169	319	
100	132	
158	221	123	399	
450	16	250	23	
152	
100	132	261	
128	463	225	336	
92	330	
380	189	
141	32	325	
233	232	
248	
392	370	238	320	
170	145	117	
85	
387	233	232	256	
191	148	
223	256	234	271	
358	
424	
110	478	
157	328	
451	314	331	
258	67	262	435	
494	
453	366	320	238	
16	250	450	
