7	
74	20	
20	
89	
21	

30	
100	37	
56	89	37	
49	65	92	
65	
84	72	96	
49	
91	
92	65	
28	9	3	
29	
45	65	
8	15	
36	12	86	
100	
23	37	
33	80	
18	38	10	
35	
19	1	22	
84	72	96	
52	76	
19	1	
28	9	3	
27	
12	36	
66	54	
27	
68	95	
84	72	96	
40	
45	
51	58	
95	62	
57	
57	27	91	
65	
86	76	77	
43	100	
5	
50	
56	89	37	
13	
52	76	86	
94	15	8	
26	
35	20	
36	12	86	
29	62	
3	45	65	
37	89	75	
37	89	

8	15	94	
85	56	89	
86	76	77	
58	

60	80	
45	65	
27	91	50	
77	86	76	
49	
39	
93	57	
16	91	50	
7	8	15	
43	
37	89	
84	72	
91	
34	95	
49	65	
23	
3	
35	
13	38	10	
35	20	49	
47	11	77	
83	63	
6	33	
96	
35	20	

3	
76	
83	
92	
47	
12	
16	
14	45	65	
30	37	
3	45	
