1379	196	1218	1040	
127	
989	
1375	663	20	1130	
542	141	1478	
1044	1092	
564	194	556	
647	1193	443	
558	72	
263	1024	
847	199	
173	684	965	700	
861	205	
1325	366	239	
1312	1489	1024	
1322	438	182	
943	
101	1117	589	
695	465	799	905	
1004	1139	
550	1487	653	637	
1080	37	792	
648	865	917	421	
338	760	838	
1000	1352	51	1409	
993	609	
199	
199	926	670	1117	
736	836	588	
430	832	
1416	1308	
1476	836	736	
1095	344	486	1390	
208	805	
247	358	582	
1397	589	
1469	793	
811	187	1128	
272	
48	1107	939	1299	
1388	
793	1130	1058	20	
485	
306	1352	51	1409	
282	
345	856	311	
662	990	
1206	
737	1351	265	
1466	44	469	
1117	589	
1041	1475	923	1220	
180	1072	735	799	
1419	637	
542	141	1478	
214	153	379	
1409	51	148	590	
853	1328	1410	
101	1117	
502	2	1162	
302	269	644	
210	113	589	
1139	1303	
743	220	246	1126	
315	
1080	37	792	1104	
476	656	
735	1072	
855	1048	721	318	
623	596	1085	
75	1057	
11	1451	
1192	669	938	
42	239	397	426	
319	920	439	
182	1117	589	
40	1036	
44	469	164	543	
111	1053	640	1472	
366	
385	
1418	387	
19	1139	1303	826	
459	145	319	920	
323	
637	653	1419	1274	
449	926	670	1117	
655	
728	948	482	
355	871	700	965	
1350	1165	1169	220	
1101	990	
630	926	
270	1444	837	
770	1227	767	965	
1174	
199	
1463	993	
345	
270	1444	
11	1451	28	157	
421	917	648	
231	
974	756	
1257	439	1319	943	
361	
203	597	
1053	640	1472	754	
819	838	254	
1147	906	710	
684	173	965	700	
114	905	799	
400	1117	589	
643	
113	589	1117	856	
1063	701	
1498	
1103	
783	995	918	
1114	662	990	893	
800	307	
1023	957	1396	620	
302	
1081	1194	1209	477	
68	
631	231	
986	890	121	683	
1078	
961	1471	344	486	
673	1234	349	
982	1435	146	254	
532	915	1417	1423	
943	1402	959	875	
438	182	
264	
532	915	
985	
1311	
1464	1295	378	590	
995	918	
866	1068	
113	
856	311	
1377	254	146	311	
946	601	1328	1410	
856	311	1196	
394	435	
1397	589	1117	
1155	
605	294	1133	
218	
277	1242	637	
1107	
1117	
838	
1442	1269	1271	
199	926	670	1117	
1295	
1147	906	710	439	
880	
1303	1139	826	
1409	51	
236	1278	
254	
1203	
1131	
757	
564	194	
1316	
218	
1485	682	795	941	
1391	690	730	1186	
115	670	1117	
530	270	
619	
936	1152	403	355	
1387	634	
379	214	153	
95	
159	499	
565	305	
943	1402	959	
169	216	
514	287	475	559	
360	1251	379	
346	955	932	
1111	
733	1199	
574	
493	1125	675	1368	
1269	
183	
1379	196	1218	1040	
589	1117	856	
208	805	419	
744	1455	989	1155	
182	1117	589	856	
496	
1159	1208	
1000	1352	
1105	
1388	131	834	539	
338	
1447	989	
1041	
1041	1475	
209	
122	118	820	
698	633	
1268	
439	1319	
1327	55	205	
432	
637	653	
553	1030	
896	510	165	
996	1076	
856	311	1196	1047	
822	1274	
864	406	1444	
1498	1040	
330	
1158	
836	736	588	
847	
1079	272	112	
414	1435	
654	386	
1080	
490	493	1125	
253	1143	
819	
1408	
1357	972	
307	14	
1074	1472	754	
1154	15	
1101	
1450	
11	
1377	254	146	
1131	
994	853	1328	1410	
199	
300	50	253	1143	
990	
658	
1431	
612	1128	
647	
2	502	1162	
1164	1499	194	
43	326	763	1129	
856	
1169	220	246	
352	61	
650	
1117	589	856	311	
1318	1437	
27	97	
646	
1281	
719	
1409	51	148	590	
194	556	1196	311	
1220	
1230	1161	1373	
27	97	
1023	957	
1402	
993	609	1463	87	
1327	55	205	
752	60	591	
1206	1458	
98	640	1472	754	
341	546	583	
1474	330	
1047	1196	
682	795	
294	605	
271	1500	1277	561	
1176	
1442	1269	
1391	690	730	1186	
101	1117	
670	1117	589	
1124	146	254	
199	926	
270	
814	1183	985	212	
1161	1230	
1436	283	417	530	
1085	1036	
873	1174	1121	
388	1202	986	890	
1279	
1380	
343	35	1064	356	
881	784	135	1467	
932	670	1117	

254	
385	
83	
725	
936	
1236	
315	497	
629	219	
1315	881	784	
1117	589	
366	
689	347	1393	
15	118	820	577	
340	640	
341	
231	
182	1117	589	
263	
934	393	719	155	
378	590	148	
192	
398	
1192	669	
1437	
225	282	898	
862	662	990	
1274	822	760	838	
1258	879	278	1409	
4	1307	857	982	
1186	730	690	
1068	265	1404	
465	799	905	855	
950	305	218	1047	
1418	387	220	
1258	879	
1277	1500	
274	899	312	
311	856	1196	
98	640	1472	754	
50	300	253	
141	
1115	
1409	51	148	
1239	51	
87	589	1117	
402	947	1238	689	
356	841	759	37	
1365	1192	
888	160	715	875	
92	242	1498	
141	1478	1236	
1444	270	
1025	666	484	1293	
1117	
933	788	
269	302	644	1028	
1262	1435	
203	597	848	
1493	398	
326	763	43	
69	881	
1174	873	1121	
366	239	
917	421	648	865	
177	1271	63	1269	
653	
1023	957	1396	620	
1181	839	
601	1328	1410	990	
1124	
74	518	1431	
375	831	
299	939	
581	1377	
955	346	932	670	
356	
589	1117	
333	896	510	165	
398	757	586	
680	
219	414	
231	631	1133	868	
718	110	629	
70	796	
653	637	1419	
296	512	942	
809	
738	755	
327	504	1486	
676	
933	788	1328	1410	
838	819	
72	399	440	
27	
584	
719	155	
775	248	795	
11	1451	28	157	
853	1328	1410	990	
452	1375	
1155	1151	744	1455	
496	577	
523	1117	
1088	
1224	138	541	1296	
915	1417	1423	
1444	270	837	1272	
1253	496	577	
1452	181	
631	
651	719	155	

760	838	819	254	
504	327	
353	
959	
1091	948	
1216	725	547	
318	721	855	
1284	
1030	553	
727	309	544	
199	926	
199	926	670	
491	254	146	1377	
199	926	670	1117	
402	947	
656	1260	170	
1331	1	1216	
791	497	
965	700	589	1117	
553	1030	287	
112	1079	272	1319	
72	
446	760	838	
254	146	1377	
490	
1328	1410	
11	1451	
491	254	146	
330	1474	
751	265	
129	
1078	289	
439	1319	943	
1123	1100	
117	
1159	1208	
1352	
107	183	995	
1053	640	1472	
566	40	1036	
951	712	1260	656	
316	1075	
1377	254	146	
199	
847	199	926	670	
759	37	1080	792	
1094	337	566	
1167	1015	103	
456	1095	344	486	
69	881	784	
559	254	
770	1227	767	965	
331	1413	
218	1047	1196	
1089	
1047	1196	311	
122	
194	
1117	
209	552	
819	838	
574	
1418	387	220	246	
990	893	1039	1328	
135	784	1467	147	
385	80	193	
1048	
847	199	926	
939	1299	1346	299	
199	926	
189	932	
533	80	
36	51	
1319	943	1402	959	
915	1417	
1125	675	
840	559	
856	311	
450	1125	675	
1000	1352	51	
72	399	
1002	
1366	1	1216	
865	648	
1397	589	1117	
1075	877	
71	942	
1087	1066	
60	752	
607	
669	938	1192	
423	1330	1436	283	
493	1125	675	1368	
11	1451	28	
768	516	64	
920	439	
1229	479	
4	1307	
19	
942	
306	
1478	1236	475	
1274	
430	832	419	
1087	
182	
1307	857	
72	399	440	
312	
1451	11	
262	96	583	
915	
1117	589	
855	
1351	265	
27	
959	1402	875	
199	
676	218	1047	
95	
1057	513	
922	
629	219	414	
1202	
247	358	582	
1494	
136	132	959	1402	
951	712	1260	656	
1290	1025	666	484	
254	146	1377	311	
880	
917	421	648	
63	177	1271	
294	605	1133	868	
294	605	1133	
490	493	
713	
1117	589	
912	22	
117	1229	
102	
1130	1058	
589	
1353	740	1114	662	
11	1451	28	
838	
153	214	379	
1115	344	
1064	
959	1402	
182	
926	
206	1221	
311	856	
403	355	
932	670	1117	589	
1053	640	1472	
796	
896	
447	541	
834	131	539	
138	541	1296	
1117	
990	893	1039	1328	
570	439	1319	
27	97	427	457	
195	1293	
76	194	
1288	164	543	437	
923	1220	1475	
1339	1210	513	
874	867	54	
1098	1181	
72	
783	995	
1117	589	856	
589	1117	856	311	
565	305	
1161	1230	1373	99	
1308	304	819	838	
283	1436	417	
145	
1105	
1395	588	955	346	
713	341	546	
939	1299	1346	
823	
948	728	
857	
669	938	
349	80	193	
1048	855	721	318	
371	1494	1178	325	
541	1296	447	
1068	265	
1194	1081	1209	477	
1478	
1469	793	1130	
530	270	1444	
344	486	1390	
267	134	
1423	
1027	236	1278	419	
27	97	427	457	
1229	479	880	
235	
1044	1092	

189	932	
897	235	217	
1081	1194	1209	
77	
1245	
1288	164	
11	1451	28	157	
1147	906	710	
545	755	738	
957	1023	
971	
256	459	145	319	
915	1417	
801	264	
199	
1087	1066	142	
371	
1228	264	265	1404	
1007	419	
1360	
1177	644	
1350	
719	
344	
974	756	83	1474	
784	
195	1293	484	
1117	589	856	
1236	
569	819	838	254	
662	990	893	1039	
1	1216	
838	819	254	146	
58	
1105	922	850	
938	669	1192	
25	200	1125	675	
1117	589	
1075	877	744	
933	
1444	270	
1448	127	680	
1259	658	479	1229	
27	
403	355	871	700	
1226	886	
333	896	510	165	
403	355	871	
1117	
783	995	918	671	
199	926	670	1117	
771	9	
1132	321	831	
1000	1352	51	1409	
856	311	
1475	923	1220	
583	
695	465	799	905	
447	541	
63	
1051	1342	661	
624	1344	1316	1402	
115	
853	1328	1410	
995	918	671	
1463	993	609	87	
410	
707	556	194	1196	
682	795	941	
1466	
1199	733	
252	1373	
1366	1	1216	
559	254	146	
1222	154	
110	718	629	219	
65	282	898	
1237	849	
589	
839	1181	
1117	589	
1167	
890	986	121	
601	
239	42	
523	
102	549	
13	
1218	
1397	589	1117	856	
1470	1477	308	
1252	294	
1416	1308	304	819	
926	670	1117	
1145	1180	1303	1139	
1328	1410	990	
727	309	544	892	
838	819	254	
775	248	795	
182	
371	1494	1178	325	
914	1103	1271	
1288	164	
566	40	
1413	331	
294	605	1133	868	
784	135	1467	147	
103	1167	
682	
767	
1129	326	763	43	
1144	142	1196	
343	35	
208	805	419	1007	
783	995	918	
1352	51	1409	
560	985	
529	
367	1217	1158	
558	72	
819	838	254	
1252	294	
393	719	
841	356	
139	134	267	
165	896	510	439	
1137	343	35	
538	
1030	553	287	514	
1456	243	58	838	
974	756	83	
379	
589	1117	856	
1295	378	590	
932	670	1117	
810	718	110	
725	1216	547	1	
80	
1472	754	
72	
1293	484	666	
2	502	1162	

915	1417	1423	
1467	
414	1435	
1209	
379	214	153	552	
801	264	265	1404	
1419	637	653	
394	435	494	521	
637	653	
329	
946	601	
290	
311	856	1196	1047	
199	
201	176	643	
98	640	1472	
306	
1401	582	358	
730	690	1186	1459	
146	254	
981	1087	1066	
865	648	
1084	584	353	
282	
1367	797	1016	1111	
952	819	838	
865	648	917	
356	841	
263	
1191	577	496	
565	305	
1036	40	1085	
757	
709	1467	147	
770	1227	
236	1278	419	
906	
272	
776	237	205	55	
1121	
661	1342	850	719	
878	
1401	582	358	247	
189	
299	
1258	
755	
662	990	893	
199	926	670	1117	
366	
847	199	926	670	
35	1064	343	356	
709	1467	147	
565	
27	
899	312	274	
408	1270	959	
131	834	
259	607	1035	540	
346	955	932	670	
1218	1040	
951	
744	
762	158	
1443	450	1125	
438	
700	
1102	414	
1094	337	
503	
1366	1	
1366	1	1216	725	
875	1402	
856	311	
1063	
926	
269	302	644	1028	
1000	1352	51	1409	
502	2	1162	
449	926	
1166	51	1409	
700	965	589	1117	
1159	1208	1389	
1106	935	126	1443	
1217	367	1158	1199	
760	
1	1216	725	
326	
94	270	1444	837	
695	465	
1361	
1117	589	856	311	
1266	754	670	
421	917	
515	1473	110	
744	1455	
1420	1442	1269	
940	1080	37	
447	541	1296	
1494	
666	1025	
1443	450	
946	601	1328	1410	
926	
993	
1202	388	986	890	
1117	589	856	311	
1274	822	760	
552	1190	209	
963	
926	670	1117	589	
27	97	
261	530	
1430	1000	1352	
1295	378	
1446	756	974	83	
1432	1115	
834	131	
1330	
959	1402	
1212	1474	
897	235	
801	
964	898	926	
1057	513	1210	
1209	1081	1194	
1242	277	637	653	
1494	1178	325	1437	
1444	
683	245	1069	1450	
847	199	926	
1328	1410	990	
1423	1495	254	146	
1176	
366	239	42	
1162	502	2	
72	
1009	900	108	302	
22	912	1169	
844	
1107	
775	248	
1032	677	491	254	
11	1451	28	157	
246	220	1126	1169	
387	
918	671	995	744	
771	9	
1246	732	990	
744	1455	
1167	
923	
195	1293	
883	170	
1053	640	
263	1024	
1117	589	856	311	
333	896	510	
183	107	
1253	496	577	182	
1472	754	670	1117	
898	926	
282	898	
964	898	926	670	
508	131	
252	
770	
1233	1211	
282	898	926	
1495	254	146	1377	
122	118	
1047	1196	311	856	
264	265	
578	
321	831	
1064	35	343	356	
181	591	752	
783	
1402	
1199	733	367	1217	
751	265	1404	1351	
128	
710	
1019	
713	
1009	
1190	552	209	482	
954	27	
810	718	110	
199	926	
783	995	918	671	
550	1487	653	637	
770	1227	
160	715	
1316	
64	641	516	691	
1341	328	1170	185	
1168	1115	
1470	1477	
530	270	1444	837	
589	1117	
203	597	848	1002	
654	386	
791	497	802	
317	530	
707	556	194	
957	1023	1396	
272	1079	112	1319	
35	1064	
750	
1274	822	760	838	
371	
554	816	
459	145	319	
39	
1339	1210	513	1057	
54	867	874	
144	
439	1319	943	1402	
469	44	164	543	
366	239	42	397	
319	920	439	
264	265	1404	
503	932	
637	653	1419	1274	
1444	270	
449	926	
27	97	427	457	
1194	1081	1209	
94	270	1444	837	
1191	
1377	254	146	311	
19	1139	
1290	1025	666	
371	1494	
1397	
951	712	1260	
263	
1202	388	
939	1299	1346	299	
27	97	427	
721	855	
1216	725	547	
1474	330	83	974	
345	856	311	
646	
1135	824	885	
1147	906	
11	1451	
1276	
237	205	55	
1327	
670	
199	926	670	1117	
974	756	
153	214	379	552	
205	
1030	553	287	514	
762	158	1340	340	
1373	99	252	640	
29	
794	
388	1202	986	890	
558	72	399	440	
943	1402	
1048	855	721	318	
453	
1121	936	1152	403	
512	942	83	974	
117	1229	
541	1296	447	26	
673	
1375	663	20	1130	
670	1117	
1444	270	837	1272	
239	
1140	1361	
700	965	589	1117	
164	543	437	1385	
1203	1498	
198	

589	
1229	479	880	792	
1246	732	990	893	
407	847	199	926	
1466	44	469	
1159	1208	1389	926	
847	199	
1007	
1489	1312	1024	1417	
199	926	
353	1096	956	1494	
20	1130	1058	
109	589	

936	
189	932	670	
402	947	
880	479	
1397	589	1117	
1328	1410	990	
27	97	
160	715	875	
716	
959	
115	670	
438	182	
656	1260	170	
936	1152	403	
323	1441	45	310	
1377	254	146	311	
917	421	648	
1436	283	417	
125	790	166	
1469	793	1130	
85	349	80	193	
194	556	1196	
915	1417	1423	
897	235	217	321	
985	1183	212	
279	
825	1165	1169	
1331	1	
193	
1377	
340	640	
552	1190	
155	719	
1244	
655	700	965	589	
983	676	218	
1328	1410	
337	
612	1128	254	146	
626	51	1409	148	
1444	270	837	1272	
583	341	546	96	
582	358	
883	170	1351	265	
788	933	1328	1410	
697	770	1227	767	
558	72	399	440	
103	1167	1015	1329	
302	
1464	1295	378	590	
1295	378	590	
898	926	670	
877	1075	744	
1444	270	837	1272	
51	1409	148	590	
814	
27	97	427	457	
330	1474	83	974	
983	
1078	
397	426	441	
11	
220	246	1126	1169	
311	856	1196	1047	
1000	
98	640	
83	974	
1196	311	856	
225	282	
349	80	
350	66	
700	965	
138	
158	1340	340	
1087	1066	142	1196	
1318	1437	
411	1003	
1194	1081	1209	
450	
352	61	
1001	1479	738	
1442	1269	1271	177	
754	670	
840	559	254	146	
771	
158	1340	340	
1312	1489	1024	
199	
355	871	700	965	
1327	55	
51	1409	
496	577	182	
1330	1436	283	417	
250	822	1274	
1139	1303	826	
199	926	670	
1087	1066	142	
228	305	218	1047	
1120	943	1402	
1253	496	577	
797	1367	1016	1111	
750	1079	
755	738	
341	546	583	96	
1218	
240	628	1117	
1121	936	1152	403	
1000	1352	51	
1367	797	1016	
103	
1327	
1194	
300	50	253	
552	1190	209	
862	
1078	289	
719	
1437	1494	
491	254	
738	
1024	1312	
700	965	589	1117	
582	
603	657	1458	
60	752	
896	
199	
1124	
250	822	1274	760	
1127	1372	898	926	
203	597	848	1002	
459	145	319	920	
719	155	
1447	989	744	1455	
840	
589	1117	
1151	1155	744	
344	
1372	898	926	
1246	732	990	
1191	
932	670	1117	
429	1467	147	
1413	
130	989	744	
1242	
27	97	427	
1120	
800	307	14	1028	
512	942	83	
270	1444	837	
177	1271	63	
1421	475	
573	305	218	
337	1094	566	
1195	1321	646	
40	1036	1085	596	
80	193	533	349	
570	439	
880	479	1229	
1435	146	
926	670	1117	589	
1094	337	566	40	
680	
199	926	670	
828	1435	
523	1117	589	
1293	484	666	1025	
676	218	1047	
920	439	
451	1286	701	369	
819	838	
1097	
1365	
1319	943	
385	80	193	533	
1080	37	
890	
1144	
1298	838	
72	399	440	507	
1474	330	83	
69	881	784	135	
982	1435	146	
847	
1129	326	763	43	
254	146	1377	
1105	922	850	719	
787	624	
164	543	437	1385	
1080	37	
42	239	
534	1010	623	596	
574	946	601	
700	965	589	
68	836	736	588	
1028	644	344	486	
14	307	
1	1216	725	547	
866	1068	265	

1475	923	1220	99	
278	1409	51	
1348	822	1274	760	
199	926	670	1117	
856	311	1196	1047	
217	321	831	
113	589	1117	856	
643	
613	645	939	1299	
26	
875	
814	1183	985	212	
1472	
126	
572	
905	799	465	
707	
897	
199	926	
342	
568	370	
1151	1155	744	
321	831	1042	
638	26	
346	955	932	670	
955	346	932	670	
311	856	1196	1047	
611	222	
153	214	379	552	
562	
48	
189	
1257	439	
1117	589	
1103	914	
357	1297	
439	1319	943	1402	
321	
1075	877	
542	
266	623	596	
1419	637	
819	838	254	
25	
775	248	
320	809	
1094	337	566	
460	320	809	1040	
199	
1174	873	1121	
1373	99	
355	871	700	
700	965	589	
1464	
1101	990	893	1039	
917	
1167	1015	
1436	283	
439	1319	943	
1191	
1378	
311	856	1196	
906	1147	710	
1463	993	609	
558	72	
1375	663	20	1130	
990	893	1039	1328	
638	26	142	1196	
701	369	
1344	1316	1402	
700	965	589	
990	893	1039	1328	
1227	
263	1024	1312	1489	
695	465	799	905	
793	1130	1058	20	
1372	898	926	
947	402	1238	689	
923	
1258	879	278	
1190	
287	
638	26	142	
1123	1100	933	
321	831	1042	1255	
589	
1119	565	305	218	
1451	
873	1174	1121	936	
194	556	1196	311	
589	
1498	1040	
1117	
827	
265	1404	1351	
955	346	
182	1117	
656	1260	170	1351	
1147	906	
963	1053	640	
199	
858	73	
633	1153	
1145	1180	
934	393	719	155	
186	1245	589	
1000	
700	965	589	
1	1216	725	547	
46	302	269	
721	855	1048	
1458	1181	
1159	
493	1125	
985	
670	1117	589	
1233	1211	563	
989	744	1455	1155	
1475	923	1220	
153	
787	624	1344	1316	
359	175	
1288	164	543	437	
254	146	1377	311	
15	
952	
590	148	
1120	943	
36	
749	
707	556	194	1196	
39	
842	25	
247	
237	205	55	
182	1117	589	856	
1217	367	
11	1451	
261	530	
1370	
1078	289	
1078	289	1402	959	
194	556	1196	
825	1165	1169	220	
1260	656	170	
98	640	1472	
943	
1117	
990	893	
1117	589	856	
700	
797	1367	1016	1111	
1153	
1387	
879	278	1409	
1245	
209	
1453	613	
479	
847	199	
920	
182	
1117	589	
1078	289	1402	
771	9	598	
926	
36	
199	926	
926	
1087	1066	
1144	
700	965	
898	926	670	
754	
601	1328	1410	
332	1326	
199	926	670	
296	
1057	513	1210	
282	898	926	670	
1154	15	118	820	
1000	1352	
875	1402	959	530	
322	1344	1316	1402	
943	
1048	855	721	318	
952	819	
1452	181	
261	530	
847	
1340	158	340	640	
1053	640	1472	754	
1397	589	1117	
1162	502	
403	
36	51	1409	
1294	1474	
1435	
1486	327	504	267	
199	926	670	1117	
589	1117	856	
1194	1081	1209	
1298	838	
1009	900	108	
1387	634	719	155	
394	
986	
689	347	1393	700	
438	182	1117	589	
1377	254	
589	1117	856	311	
1234	349	
1469	793	
897	235	217	321	
1095	344	486	1390	
1442	1269	
108	900	1009	302	
951	
819	838	
372	45	
1015	
11	
572	1168	
346	955	
1189	993	609	1463	
1419	637	653	1274	
1	
843	
247	358	
699	1194	1081	1209	
1082	
177	
37	1080	792	1104	
1117	
445	
1117	589	856	311	
239	42	397	
173	684	
629	219	
