39	2	
93	145	151	
193	
71	154	139	
61	
73	83	
76	67	
181	
102	
161	118	82	
177	
177	19	162	
157	
103	
18	
128	52	91	
93	
2	39	184	
146	162	
146	
54	81	
121	
158	
154	
83	
25	106	146	
187	39	2	
150	141	62	
121	120	122	
93	145	
33	26	
94	117	180	
170	127	116	
7	65	192	
52	
62	
148	
141	
114	
5	162	43	
71	154	139	
94	117	180	
164	
155	146	162	
61	
50	
110	
16	160	120	
148	
168	158	
99	18	109	
98	149	
35	76	
2	39	184	
193	81	54	
131	105	
198	
167	119	
68	102	115	
91	30	128	
82	118	
57	88	98	
11	51	
200	186	165	
61	86	
102	
170	
16	
26	
84	28	63	
52	
160	120	121	
195	38	72	
41	57	
133	46	
73	83	24	
26	
52	128	91	
124	168	158	
59	166	151	
168	158	
67	139	
133	46	184	
29	122	114	
12	27	61	
27	
26	33	87	
62	141	
149	98	57	
47	72	
93	145	151	
26	33	87	
122	
189	51	11	
185	
54	81	
125	147	124	
18	99	109	
57	88	
191	
62	141	71	
150	141	62	
39	2	
98	149	
87	33	26	
121	120	
126	53	
117	180	
127	170	116	
128	52	91	
74	
59	166	
42	71	154	
42	71	
155	146	162	
124	
161	118	82	
2	39	184	
193	81	
103	
25	106	146	
99	18	109	
118	
184	111	
160	120	121	
193	
126	
158	168	124	
170	127	
54	
193	81	
11	
73	83	24	
108	7	65	
149	
145	
166	
102	68	115	
165	186	
53	126	
184	111	2	
27	12	61	
79	200	186	
114	
50	171	
190	132	83	
16	160	120	
11	51	
139	15	67	
29	122	114	
193	
50	
68	
165	186	200	
106	146	162	
72	38	47	
196	178	
120	121	122	
52	128	
78	
21	63	28	
102	68	
7	65	192	
127	170	
160	120	121	
81	
111	184	2	
62	
12	27	
145	151	55	
146	162	
28	
91	30	
165	186	200	
121	120	122	
178	116	
169	
18	99	109	
54	
184	111	
171	
166	151	
149	
186	
33	
61	
117	
8	192	
42	
11	51	12	
65	192	
181	164	
72	38	47	
55	
155	146	
184	111	2	
160	120	121	
2	39	
145	151	55	
155	146	162	
