65	
59	55	76	
21	31	
16	64	74	
59	55	76	67	
32	83	12	16	
67	20	56	
29	65	56	45	

4	80	
23	47	
63	84	
28	47	23	75	
95	67	20	56	
81	10	94	65	
27	
76	
21	
69	
65	56	45	60	
26	17	15	
26	17	
37	
34	100	62	93	
4	80	77	22	
52	
72	
73	1	
72	96	45	
24	
52	
67	20	56	65	
73	1	56	
10	81	94	
1	73	56	65	
23	
65	
2	
98	43	76	
76	55	59	
99	7	69	2	
1	73	
71	
65	56	45	
65	56	

18	15	17	
88	61	94	65	
24	70	
45	65	
70	56	
23	47	
98	43	76	55	
70	56	
76	55	59	
45	65	56	
100	34	62	
91	68	
49	
45	65	56	
94	65	56	45	
94	65	56	
54	56	
54	56	65	
45	65	56	60	
45	
1	
65	
81	10	94	65	
35	45	
33	19	71	73	
26	17	15	
76	55	
24	70	
73	1	
95	67	20	
2	
14	
56	
65	56	45	60	
65	
16	
16	64	74	12	
59	55	76	
16	
6	56	
4	80	77	
60	66	65	56	
94	65	56	
2	36	15	17	
76	55	
31	21	1	
94	65	56	45	
65	56	45	
34	
45	
94	65	56	45	
95	67	
89	18	15	17	
63	84	2	
