6	47	59	63	
46	2	4	60	
59	
60	4	14	59	
40	15	79	39	
47	59	63	
1	
6	
48	80	
6	
25	67	71	19	
28	37	1	
94	1	54	93	
4	60	14	
18	98	
5	63	47	59	
94	1	54	93	
51	
80	70	76	7	
3	63	47	59	
80	70	76	7	
48	80	
62	
82	71	
19	90	93	
59	
46	
10	8	1	54	
13	93	
92	
2	
26	
63	47	59	6	
5	63	47	59	
55	93	54	
42	38	27	
8	10	1	54	
71	
73	27	
27	38	73	42	
38	
63	47	59	6	
63	
31	59	47	
25	67	
60	
59	47	63	6	
83	14	4	60	
54	93	
40	
93	54	1	8	
92	64	71	
28	37	1	54	
20	6	47	59	
44	66	95	
17	6	47	59	

13	93	
4	60	14	59	
67	
34	
86	54	93	
59	47	63	
39	79	77	80	
35	93	54	
36	83	14	4	
19	90	
5	63	47	
60	4	
54	93	
93	54	1	8	
99	
44	
66	95	
91	36	
1	54	93	
78	25	67	71	
19	
93	54	
54	
88	39	
13	
59	47	63	6	
73	27	
83	14	4	
93	
28	37	1	54	
46	

80	
66	95	28	
71	67	25	
17	6	47	
47	
79	39	
51	36	83	
66	
2	
5	63	47	59	
32	
