73	66	82	23	
52	55	3	
25	46	32	81	
49	61	47	
31	48	
94	37	
16	20	76	44	
80	24	
47	81	13	
52	55	3	
92	51	97	
89	59	70	95	
23	81	13	32	
37	
21	
71	44	76	
73	66	82	
51	92	
38	80	
69	22	50	
47	
25	46	32	81	
5	23	81	
8	100	
46	
48	
9	39	
76	20	
63	24	80	
38	80	24	
40	
46	25	32	
76	
69	22	
93	58	35	37	
60	44	76	
54	28	57	68	
51	92	97	61	
3	56	39	
85	
45	73	
88	87	73	
29	
70	
31	48	61	47	
48	
73	66	82	23	
8	100	31	48	
31	48	
25	
21	3	
47	81	
89	59	70	95	
59	70	95	
22	50	
25	46	
31	48	61	
76	20	44	47	
49	61	47	
6	
100	8	
55	
51	92	
65	
47	81	13	
23	
53	
24	80	
25	46	
77	
65	21	3	56	
70	59	95	
23	81	13	32	
51	92	97	
30	35	58	
58	35	93	
21	
1	53	
15	8	100	
90	11	3	
5	23	81	
23	81	13	
25	46	
60	44	
80	24	38	
47	81	13	
17	1	
61	47	81	
52	55	
38	
20	76	44	
97	61	47	
37	94	
3	56	39	22	
38	80	24	42	
11	3	56	39	
45	
60	
61	47	81	
8	
