79	58	42	63	
6	68	80	
29	4	13	
13	4	19	29	
6	
90	
57	53	60	31	
23	
93	4	
80	65	
13	4	19	29	
3	29	4	
53	
23	69	
95	83	
80	65	
32	31	53	
54	69	87	23	
94	
28	19	13	
4	13	
78	37	98	19	
25	
41	57	
36	51	
53	
93	
32	
57	53	60	31	
67	44	5	80	
53	
31	53	
61	
71	
53	
98	19	13	4	
46	50	17	96	
95	83	61	30	
6	68	80	
79	58	42	
74	54	
30	61	36	51	
89	90	38	
13	4	19	
90	
30	61	36	51	
38	90	71	89	
49	39	46	
4	13	19	29	
18	35	31	
36	51	30	
54	
60	
80	65	
98	19	13	4	
6	68	
53	
55	12	23	
7	82	84	97	
53	
94	64	11	4	
23	69	
35	31	53	
63	42	32	
23	69	87	
29	4	13	19	
50	46	17	
54	69	
6	68	80	
65	80	
79	58	42	63	
42	63	32	31	
23	69	87	
95	83	61	30	
42	
64	94	
1	6	68	
89	90	
46	50	17	96	
27	
6	68	80	
57	53	60	31	
85	18	35	
29	4	13	
95	83	61	
98	
5	80	65	
7	82	84	97	
87	
54	
23	69	87	65	
44	67	
13	4	19	29	
84	97	
14	65	80	
30	61	36	51	
29	4	
33	42	
83	95	
50	46	17	
