13	16	
49	53	86	7	
48	3	11	
58	11	63	96	
73	96	90	
77	88	59	
37	96	90	63	
97	80	86	53	
12	9	67	
99	53	49	
96	90	63	
49	53	86	
7	46	
11	63	
48	3	11	
84	54	46	7	
63	96	90	
74	
68	44	
30	79	

90	
2	57	100	51	
89	47	51	74	
47	51	74	100	
48	
64	73	96	
72	70	42	76	
12	
13	16	
46	
42	76	85	
49	
72	70	42	76	
58	
44	43	7	
46	7	54	
46	7	
78	50	15	3	
70	
74	47	51	
84	54	46	7	
86	
19	
61	59	
2	57	100	
49	53	86	
96	90	63	11	
79	
48	3	11	
49	53	
15	
7	
12	
50	15	
58	11	
49	53	86	7	
63	96	90	11	
43	44	
73	
100	57	
46	
49	53	86	7	
73	96	90	
7	46	54	53	
94	54	
46	7	54	53	
20	73	96	
90	96	
34	58	11	
50	
47	51	74	100	
96	90	63	
49	53	
12	
50	
19	77	
70	42	76	
98	
18	96	90	
54	46	
53	49	86	7	

12	9	
64	73	96	90	
7	
3	
73	96	
75	42	76	
2	57	100	51	
47	
7	46	
77	
55	81	
86	53	
11	
79	
11	
57	100	51	
49	53	86	7	
